. facultet1 32 876 321;
  .. chair1.1   321 228 987 112 ;
    ... lab1.1.1   98 77 45 11;
    ... lab1.1.2   934 221 23 981;
  .. chair1.2   132 220 211 930;
    ... lab1.2.1   98 77 45 11;
    ... lab1.2.2   934 221 23 981;
. facultet2 34 22 918 727 455 141 87 98 465 342 55 765 876 918 727 455 141 87 98 465 342 55 765 876;
  .. chair2.1   3221 2228 9187 1312;
    ... lab2.1.1   918 727 455 141;
    ... lab2.1.2   9324 2321 253 9581;
  .. chair2.2   1332 2320 2131 9303;
    ... lab2.2.1   918 717 415 111;
    ... lab2.2.2   9364 2251 243 9812 4;
. facultet3 227 867;
  .. chair3.1   3221 2228 9187 1312;
    ... lab3.1.1   918 727 455 141 87 98 465 342 55 765 876 918 727 455 141 87 98 465 342 55 765 876;
  .. chair3.2   1332 2320 2131 9303;
    ... lab3.2.1   9138 7137 4315 1131;
    ... lab3.2.2   93684 22581 24823 938182 48;
    ... lab3.2.3   933684 58251 24813 938182 448;    
  .. chair3.3   1332 2320 2131 9303;
    ... lab3.3.1   9118 7157 4615 1181;
    ... lab3.3.2   93614 22541 27423 93812 94;
    ... lab3.3.3   933614 54251 24713 93812 494;    
    ... lab3.3.4   91234 544251 246713 938812 4094; 
. facultet4 3;
  .. chair4.1 1;
    ...lab4.1.1 4;     
    